254.851443
264.744414
258.645210
260.056658
257.143855
263.181652
263.714491
265.454214
269.016136
257.950184
266.715261
261.731473
259.687339
253.537592
257.974655
260.463924
264.065850
259.935550
257.205049
267.722272
257.548684
262.330025
259.057412
259.665712
262.452915
253.427664
256.912995
268.833984
261.095356
254.216336
263.914496
253.946650
257.941978
266.325589
261.235821
264.506539
256.924662
266.703026
264.242154
259.328064
257.267162
257.584581
255.958958
259.169009
257.245434
265.914089
253.418740
267.686910
260.081916
267.086490
262.349681
263.799267
266.607290
269.096553
263.445183
257.981208
259.645184
265.166181
